1462434679 685
1462435316 686
1462435828 691
1462447172 731
1463650989 733
1466146071 484
1467276492 496
1469077844 507
1469079167 511
1469695484 515
1470053735 539
1470057305 543
1473392781 546
1476251856 618
1476349568 626
1476758530 630
1478064527 639
1479215946 642
1479216048 646
1481205924 704
1481248391 705
1481250668 713
1483094692 926
1483536194 926
1483930706 930
1483930991 930
1483934585 963
1483934644 963
1485083663 974
1487231447 978
1487733072 1000
1490582181 1004
1490693982 1015
1490694114 1015
1490845566 1019
1490845608 1019
1490845664 1019
1490845805 1019
1493957072 1020
1493957273 1024
1493957368 1024
1501591899 1020
1506060984 1027
1507860989 1042
1507861436 1046
1511169695 1050
1511172603 3655
1515151630 3699
1522306421 3665
1522308320 3686
1522309953 3700
1522391102 3704
1526612662 3704
1530196920 1107
1533181943 1128
1535019764 1136
1535019821 1140
1543471134 1251
1543475857 1252
1543830981 1447
1543839361 1450
1544066463 1450
1544067548 1454
1544067566 1454
1544075608 1458
1544075651 1458
1544078866 1461
1544078909 1461
1544079112 1461
1544166802 1464
1544168015 1466
1545981906 1470
1545983982 1467
1545984165 1470
1545984255 1470
